
GsiX g_EMEntity.sCurrentMap: c2m1_highway
g_mvecMins: -350.000000 | -250.000000 | 0.000000
g_mvecMaxs: 350.000000 | 250.000000 | 200.000000
Pos: 10856.967773 | 7868.240234 | -557.133178
Ang: 0.0 | 0.0 | 0.000000